0.26992854767811314
0.2542509981276903
0.947687102283596
0.3730253309973981
0.7863384764864553
0.17010191490121246
0.5710269833134438
1.2907727498848813
0.17429184879678344
-0.1807815037472283
-0.08961553549542893
0.5947473596910366
0.3674433211714681
1.0868924629556818
0.15687188054425966
0.07386476909020374
0.8823611234259492
0.7087295564655507
0.6129861896841763
0.6687735844870663
0.3549828195004672
0.6937572036593505
0.544805420213972
0.3605323410044795
0.5336633593509963
0.3287011009762563
0.7171635258781766
0.378606347262113
0.8602843777561265
0.17351237428950012
0.6220032712561935
0.07115733751142286
0.6816336183883961
0.7432298036816873
0.49867044205137334
0.9737015757385631
0.018378860105932884
-0.4055459392491498
1.1617577559935728
0.36274952864705123
1.0250426099888252
0.9588414874953813
0.47694055625985576
0.6651957315649552
0.03865209181473954
-0.08074693601817354
0.2846803530585519
0.2920432651282628
0.07213954932400721
0.059584075304807665
0.7895788235491528
0.37764287599162344
0.1282141060897747
0.9158878587768016
0.5705676979437145
0.8044547009577099
0.32809345655100414
0.7156754791173596
0.7662883320000522
0.25925953099416693
0.3474894331406722
0.8864945583390299
0.41292292746213044
0.393217937365581
-0.08855226418535755
0.7761981549734679
0.5737459418083415
0.26348972807508075
1.1607837287246416
-0.0028376801767606864
0.7325444704400871
0.9541436865334241
0.5941299945813461
1.3305588240107002
0.5229892822912815
0.7066144570133003
0.7146451003708109
0.10361308409611081
0.9469244825865348
0.2671226934485803
0.8727389365585966
0.066278858621379
0.7265662367000929
0.9822029656270871
-0.16379995725232765
0.41611065477687065
0.24695662134998808
0.4211273558645383
0.6725708297727837
0.576101711865186
-0.10659710781894621
0.4824331086691759
0.6267210451348668
0.44363625441713816
1.3763356045157533
0.6613722686436494
0.8593657401894883
0.14631345091724163
0.13937895081130242
0.7625853792724596
0.22937991606847985
0.2923538827938048
0.40835843402354566
0.6237780282602204
1.0653266466467999
0.7326429994619141
0.49662552874102983
0.01967196057258644
0.3154450588425377
0.32334089091127616
0.46914031959769187
1.1778226353844943
0.5341383192005774
0.42790534933439306
0.6676192873281839
1.0963345690890718
0.5144211417770068
0.889197611008443
-0.026373973708604517
0.1272579847109574
0.4790082879030421
0.06253527973333864
0.490943748784179
0.5478502700014996
0.2636647250742137
0.016131822116670344
0.8619067183629958
0.27852260548310576
0.370012519487257
0.3942944535737992
0.5050334233079787
-0.16935999981489835
0.5619327798296379
0.49379445691314444
0.34668971914832747
0.39713156349029255
0.6290080047431822
0.7353698033891425
0.9880675291748742
0.8364867517032312
0.02168859670890652
0.6735013702709185
0.3732957713821466
0.24439429251245068
0.07703419355473057
0.9683287411412097
-0.21739076231062726
0.756938042438158
0.6376719235677166
0.5824886128884348
1.1403585839050396
0.60765281651885
-0.05288995824276972
0.19724571500347154
0.037971432000865654
-0.019894492516278464
0.6292152631163627
0.27154174896191036
0.03973673760448615
0.4560211769355118
0.888182237494067
0.013590083020042415
-0.06158218863964296
-0.11776706153733658
0.6017360709966929
1.1374472990352074
1.0667473695493939
1.02041357168897
0.7062249634039766
0.8415638348183853
0.7840266787418875
0.16050295541827575
0.4014784553520698
0.46787702626032296
0.8116651446912531
0.10239633780179137
0.3901877655683825
0.6148275260296602
0.9620143196730362
0.6497682893432045
0.4001311594132977
0.2518567300981838
0.9699312198647415
0.6602649590025238
-0.09934311404009388
0.10713131867040099
0.3448249392227721
0.7850541040346084
0.05884526166325094
1.0645303348916282
0.4854449421278858
0.7966116243757702
0.33324680702781473
0.0842548814585666
0.03366539970202789
0.6367585628809542
0.056938295240443304
0.0386864669373079
0.4534187263550346
0.8513655673818551
-0.1844331846069305
0.2955436039150716
0.43541336328391333
0.49969160748484154
0.5825043449798093
0.8573791631303601
0.3149124443239486
0.08205821425491683
0.07636172465867909
1.104180305474101
1.0072108765127201
0.5441130774588683
0.9428211339335154
0.8524478954366613
-0.11521036014322769
0.549230995353481
0.3461688611975673
0.5203314545213971
0.48324683567668825
0.4269366145232467
0.13102002009118421
0.3588998671910278
0.7417829521326225
0.27951681366797787
0.9786724852710404
0.899523064182813
0.42291517308353
0.5776936908768586
1.059806965152375
0.6274373562090458
0.25911785731389414
0.5129945766913468
-0.010486646662393823
0.28433439501658164
0.6395373191729116
0.51547354933019
0.18988619588241845
0.0670013109264143
0.3193584484284278
-0.10507842141311696
0.5702895106417306
0.512713997301
0.1620520342455784
1.1034566610722403
0.23252913027858568
0.41294614930848295
0.41724782189957343
0.7577201678895034
-0.037696635471059725
0.5165526235246674
0.7363084940718405
0.9258059465722144
0.8389443811928907
0.621782241788749
0.3878413120238434
-0.299227726689915
0.24554546705767033
0.7388467146168463
0.5735623709093018
0.43139576470045393
0.6199991966096905
0.5113200082656013
0.2926493099898313
0.1957208860023027
0.4563556274589559
0.6130169094912205
0.6797035584939607
0.590119423199981
-0.12462203529281426
0.5391623833730824
1.2929623165855608
0.28332216582807307
1.1378874332137616
0.848300519751622
0.5133376890108226
1.3118362138887565
0.14647177974770859
0.6217005519552645
0.8805612670409675
-0.2106753822048388
0.7234290357598994
0.8580222839692804
0.4546755761546585
0.5231678401153382
0.8652729882454071
0.19634170841009663
0.8871558352363795
0.7831643523742412
0.9282754411052466
0.48309923557220835
0.2754981694973255
0.9855836610325611
0.3319553212162668
0.6066869714388469
1.1986041259957216
1.2953435014904064
1.1071606986858415
0.31651233770012743
0.905096265439253
1.1835280306613392
0.28940491209382363
0.36889404543616544
0.6977550774616185
0.7027023552553026
0.7592370410387916
0.248542976777143
0.830586563697411
-0.05851206390371441
0.7133417505663814
0.9827997386917743
0.6845693286025287
0.6346208750930158
0.9554735593979845
0.196467035166249
0.04675889250516968
-0.04887545446115876
0.1282222371867761
-0.004961195630562756
0.7855937460330934
0.8235856195701474
0.5697496040476968
0.17040106867495539
0.7872752671778069
0.5044050885072631
0.9306943810702718
1.165924866684143
0.38077469271135245
0.13905772334601613
0.15436370131603339
0.13657719213618685
0.4107670409468778
0.8479492370866665
0.9882283140189189
1.0368068932612178
0.6300980023674941
-0.04533054503140152
0.27960711942741756
0.8067352459832122
0.1815892165466831
0.8227448298521577
0.8000251947270288
0.48523603758851097
1.034760367383031
0.5759732887311264
0.31665235825187565
0.8768210429262685
0.4533456171695166
-0.133163949754554
0.7730018036588637
0.6485296092415136
0.42297769528262735
0.7483329294565342
-0.02074061033174073
-0.08407803516163678
0.9092102215646101
0.9887064499395335
0.8695963272708747
0.1125041954171884
0.9976029103446876
0.979427602165254
0.9558452610793051
0.9374331725243505
0.9107006758269357
0.6380046827524821
0.5852972265149425
0.6559426363738269
0.7143056687112957
0.47013004765718264
0.09103000276064531
0.342778988400325
0.5430203362112348
0.43410250613646206
0.618723604511684
-0.11766396189240169
1.0049651968816327
0.7556431876068981
-0.008573227041817857
0.22715372293830222
0.2651615072038051
0.20694906911398106
0.9934308668899208
0.5082341209810464
0.31134107917024056
0.8515706680735885
0.6069039834724188
0.564481799213991
0.49274117162885056
0.4138408068823796
-0.11903376846701258
-0.010227118435443189
0.6504126580191163
0.6541976798828664
1.0670309162702636
0.09372477959104777
0.3405072953734928
0.6063707159670644
1.1074796799620605
0.18853996607711793
0.6265246207819135
0.2763828735353251
0.2735604594743842
0.007678590608527507
0.977117639188675
0.9937772900855831
0.880931416000722
-0.05244826493749729
0.5037227397697646
0.3908009630751036
0.5534604423126663
0.9307658477965343
0.5016781623784484
0.5600835694878938
0.5315007684034193
-0.058828806752246936
0.6313385152935312
0.30981336609464427
0.07817286603943416
0.43126061660670006
0.4335439462909408
0.7316718337981303
0.9389081955297349
0.5739859689512629
0.420111027782323
0.5892740835342342
0.5039845337092848
0.4735193244747921
0.8273242719981795
0.70426292697726
1.2034241750713608
0.14418130183563208
0.1711605955125311
0.56628712698959
0.25043733515213235
0.3466820939493382
0.26130743248050203
0.9499831450631139
0.18362135068755794
0.0036421287795707774
0.25171235054236163
0.506136541680073
0.7347295334702015
0.7953476604602339
-0.15468146312616982
0.44316126563120545
0.2483802602781149
-0.2686761519829789
-0.20884620614019966
0.37544239977150484
0.2256059277079258
0.9314515714148517
0.5975616672845538
0.006755310699537803
0.040759493564335614
0.0693541492645125
0.3621475946784834
0.5178921815748055
-0.27701353247883664
0.883303296798175
0.6664679554430866
-0.14660678050541162
0.3370175045743293
-0.17679452054374106
-0.1758781205987735
-0.13884760251128447
0.4829805649499357
0.19621931218467242
0.5616121897661291
0.6586184456430921
0.9457037882302554
0.695901182940552
1.3027824715177276
0.7842172337171586
0.9622313987440098
0.281260672708129
0.8399669852904377
0.36082376992311577
-0.15053811024995992
-0.3690116316265478
0.16208549803366293
-0.22595844290869155
1.1614736410819173
0.47826260613706345
-0.04903927875180449
-0.3828998975331368
0.3889664490975556
1.03333194160508
1.2797906178978915
0.1675571801195859
-0.21102438836776016
0.6894355620062618
0.5993568406008288
0.15375713797716897
0.23433665481972166
0.06259742422834838
0.3939176809514525
1.0281233452086296
0.6460809955312674
0.4632154251353455
0.2745044060486546
0.22450085055505387
0.34025328691477874
1.078378573266826
1.051502251476554
0.6431234288356374
0.5706677176557516
0.8960569357128716
0.20661201393515627
-0.04500205904842067
0.8603644035057503
1.0741329693836859
-0.03940841944344703
-0.06294639733413798
0.222179437422305
0.2720547082525921
-0.011599495792448868
-0.3317005023050325
0.9293937541404128
0.22306128942807602
0.9220087122921481
0.31559444970468775
0.23862552995892053
0.690781783468294
0.9268586788090276
0.9835076766497384
0.8132254395050302
0.7522488621123207
1.0658572211787343
0.5104907664086353
1.0840792852662002
0.12482278731620872
1.1694558233224617
0.758974216206631
-0.06277419961783176
0.46577237250592446
0.3353738869821343
0.07371518743792707
0.0020272895528798685
-0.17884224506110483
0.705932364532825
0.6636059255979635
0.44462714237806417
0.8320572957888503
1.4687933486865652
0.22986256645056607
0.21835967944658702
0.3124408184504197
-0.09101158192376346
0.8729263992898344
0.5574230916441896
0.22305363152100052
0.4650680175189572
0.20191091671714312
-0.4975907562840234
1.0928774914621093
1.3396286939770465
0.4367557405240873
0.5076385283932623
0.6703738220535282
0.8466512102387816
0.400705844550805
0.12199141143464398
-0.12959762288894597
1.0672121013114173
0.7194571176548993
0.8259135848335328
0.13983808075723464
-0.19534470356451197
0.5732769012281038
0.23460004780872912
1.0779444587184475
0.5321082200561885
0.24023368470570228
0.6604037868293424
-0.42885333463259
0.5380907347214738
1.3308835625072948
0.1092452845635602
0.6130771572492754
1.2990964740377953
0.12554508569789818
0.5533418680750457
0.7114176457972974
0.8626524882176151
0.589297984839739
1.1700491376323394
0.44380368086598193
0.4001226354437087
0.36225663295126054
0.5708390528817655
0.959491159804567
0.39966738762706144
0.4330529432657652
-0.3189010098032398
0.4868517179409261
0.1613314968084499
0.9433591025968215
0.76357293040768
0.9592419143658671
0.2966521721708516
0.20340196361535504
0.33060584038186
0.5071561993501286
1.2432966038781998
0.36373845857388354
1.0651784103939541
-0.047902752348881444
0.6125069012039068
0.6185051004633029
1.1298735616857467
0.47228490403563306
0.18133782492242395
0.013309273188583895
0.9978289362143407
0.15874852791325889
0.3158873365526016
0.3396546756534359
0.6128555913466386
0.40656157112681324
0.38685685796207664
0.1789161153647639
-0.2368761455586837
0.6172867334082611
0.6554109699113685
1.223938054334773
0.4730896302936712
0.890404352430981
1.478054172346523
0.7498649772181114
1.373403558956987
0.2687695998601471
0.3845200140022309
0.7558696465404315
1.1264339558544068
0.16978200572662172
0.7310304181226658
-0.2614388380712679
0.406800382613732
0.36565489424939934
0.5082417986405476
0.5946037443093416
0.46623663791495007
0.22256396915211135
0.30504351050104783
1.0433793610470348
0.4073302771548529
0.9460092738041843
-0.06025201321403688
0.48001005372422045
0.8029246915845377
-0.3182279565617995
-0.3008467115086524
0.3083754839872055
0.6928712228816767
-0.13009882564911926
0.2836457567331251
0.06583881006575105
0.30851521882792715
0.33271875757969854
0.3974620589535937
0.015358203012203975
1.278880178395819
0.7246796774564186
0.41939961511858137
0.7113472969694185
1.1107872855035792
0.32364875443846647
0.22841818278269693
0.5278300591344377
0.6626570460442319
0.9890010102078981
-0.12284069491831996
0.36995671299211386
0.6919349026498651
0.6424477087814628
0.26142060467532946
0.16383836481749192
0.22335018619455793
1.1172512605485818
0.15528039911342767
0.7469112699973759
0.6678856132060239
0.39986657198395925
0.6498699451832411
0.696926081535225
0.0036302189377839245
0.6123228623331104
0.9828958195507628
0.16610729892712095
0.012952896368502484
0.6267947280151605
0.5930694166477775
0.28611661718930376
0.772074919094617
0.24182460209308618
0.4880688448551315
0.8743454515265856
-0.16299120948242027
0.7528711440894118
0.6614178986732775
0.49464333628680834
0.23949040642749453
0.0537961084127114
0.8959981270251114
0.3419957632010437
1.1426993679705983
0.44729458216735096
0.06395727224569293
0.6423011008844552
0.4771951672317705
0.6831017314355367
0.0594927646641054
0.41874992706623776
0.9497130712186928
0.9148388479013347
1.0430329031283894
0.1723085668581676
0.06632345753417772
0.7064559545373703
0.9160262183347937
0.6799638566821667
1.0580684085185816
0.5033760448162552
0.11676844075891649
0.05328150639056997
0.47569322827593974
0.5491088377598055
0.08076707135853506
0.1522807325426525
0.1582767077387005
0.675540464561413
0.4820860289161926
-0.0800325300024618
0.6832571940513644
-0.024020558200743163
0.32819011756695843
